{
  "advancedEditorSelectedIdentifier" : "ProjectBrowser",
  "openSceneRelativePaths" : [
    "Immersive.usda"
  ],
  "recentIdentifiers" : {
    "AF09ED6F-1707-48FD-8720-65B998362C09" : [

    ]
  },
  "sceneCameraHistory" : {
    "AF09ED6F-1707-48FD-8720-65B998362C09" : [
      {
        "date" : 733533485.714808,
        "title" : "Untitled",
        "transform" : [
          0.9857718,
          8.5916696e-10,
          0.16808952,
          0,
          0.11204234,
          0.7454483,
          -0.65707946,
          0,
          -0.12530206,
          0.6665635,
          0.7348419,
          0,
          -0.17346472,
          0.8494402,
          0.7689346,
          1
        ]
      },
      {
        "date" : 733519105.816009,
        "title" : "Untitled",
        "transform" : [
          0.9857718,
          8.5916696e-10,
          0.16808952,
          0,
          0.11204234,
          0.7454483,
          -0.65707946,
          0,
          -0.12530206,
          0.6665635,
          0.7348419,
          0,
          -0.049615696,
          1.2481949,
          0.42834857,
          1
        ]
      },
      {
        "date" : 733519098.610939,
        "title" : "Untitled",
        "transform" : [
          0.9857718,
          8.5916696e-10,
          0.16808952,
          0,
          0.11204234,
          0.7454483,
          -0.65707946,
          0,
          -0.12530206,
          0.6665635,
          0.7348419,
          0,
          -0.019126028,
          1.3005736,
          0.38603574,
          1
        ]
      },
      {
        "date" : 733519091.743517,
        "title" : "Untitled",
        "transform" : [
          0.9857718,
          8.5916696e-10,
          0.16808952,
          0,
          0.11204234,
          0.7454483,
          -0.65707946,
          0,
          -0.12530206,
          0.6665635,
          0.7348419,
          0,
          -0.15286738,
          1.2028582,
          0.45186675,
          1
        ]
      },
      {
        "date" : 733519060.493378,
        "title" : "Untitled",
        "transform" : [
          0.9857718,
          8.5916696e-10,
          0.16808952,
          0,
          0.11204234,
          0.7454483,
          -0.65707946,
          0,
          -0.12530206,
          0.6665635,
          0.7348419,
          0,
          -0.021821693,
          1.2011008,
          0.47580624,
          1
        ]
      },
      {
        "date" : 733519056.92746,
        "title" : "Untitled",
        "transform" : [
          0.9857718,
          8.5916696e-10,
          0.16808952,
          0,
          0.11204234,
          0.7454483,
          -0.65707946,
          0,
          -0.12530206,
          0.6665635,
          0.7348419,
          0,
          0.07585834,
          1.1921141,
          0.500614,
          1
        ]
      },
      {
        "date" : 733519044.978717,
        "title" : "Untitled",
        "transform" : [
          0.9857717,
          7.477799e-09,
          0.16808952,
          0,
          0.112042345,
          0.7454483,
          -0.6570795,
          0,
          -0.12530205,
          0.6665635,
          0.7348418,
          0,
          0.112608224,
          0.70818025,
          0.89218485,
          1
        ]
      },
      {
        "date" : 733518865.184216,
        "title" : "Untitled",
        "transform" : [
          0.9857717,
          7.477799e-09,
          0.16808952,
          0,
          0.112042345,
          0.7454483,
          -0.6570795,
          0,
          -0.12530205,
          0.6665635,
          0.7348418,
          0,
          0.08642307,
          0.33234307,
          1.2286355,
          1
        ]
      },
      {
        "date" : 733518856.367591,
        "title" : "Untitled",
        "transform" : [
          0.9883461,
          -1.20000125e-08,
          0.15222348,
          0,
          0.06263944,
          0.91141135,
          -0.40670094,
          0,
          -0.1387382,
          0.4114965,
          0.90078986,
          0,
          0.03347355,
          0.12872377,
          0.48200426,
          1
        ]
      },
      {
        "date" : 733518853.199379,
        "title" : "Untitled",
        "transform" : [
          0.9883461,
          -1.20000125e-08,
          0.15222348,
          0,
          0.06263944,
          0.91141135,
          -0.40670094,
          0,
          -0.1387382,
          0.4114965,
          0.90078986,
          0,
          0.09754574,
          0.1381593,
          0.48756218,
          1
        ]
      }
    ]
  }
}