{
  "advancedEditorSelectedIdentifier" : "ProjectBrowser",
  "openSceneRelativePaths" : [
    "Immersive.usda",
    "Scene.usda"
  ],
  "recentIdentifiers" : {
    "AF09ED6F-1707-48FD-8720-65B998362C09" : [

    ],
    "D66134B1-3681-4A8E-AFE5-29F257229F3B" : [

    ]
  },
  "sceneCameraHistory" : {
    "AF09ED6F-1707-48FD-8720-65B998362C09" : [
      {
        "date" : 733560319.734362,
        "title" : "Untitled",
        "transform" : [
          0.9857718,
          8.5916696e-10,
          0.16808952,
          0,
          0.11204234,
          0.7454483,
          -0.65707946,
          0,
          -0.12530206,
          0.6665635,
          0.7348419,
          0,
          0.008266466,
          0.03261966,
          0.041087143,
          1
        ]
      },
      {
        "date" : 733560278.629964,
        "title" : "Untitled",
        "transform" : [
          0.9857718,
          8.5916696e-10,
          0.16808952,
          0,
          0.11204234,
          0.7454483,
          -0.65707946,
          0,
          -0.12530206,
          0.6665635,
          0.7348419,
          0,
          0.009895116,
          0.02900672,
          0.04464209,
          1
        ]
      },
      {
        "date" : 733533485.714808,
        "title" : "Untitled",
        "transform" : [
          0.9857718,
          8.5916696e-10,
          0.16808952,
          0,
          0.11204234,
          0.7454483,
          -0.65707946,
          0,
          -0.12530206,
          0.6665635,
          0.7348419,
          0,
          -0.17346472,
          0.8494402,
          0.7689346,
          1
        ]
      },
      {
        "date" : 733519105.816009,
        "title" : "Untitled",
        "transform" : [
          0.9857718,
          8.5916696e-10,
          0.16808952,
          0,
          0.11204234,
          0.7454483,
          -0.65707946,
          0,
          -0.12530206,
          0.6665635,
          0.7348419,
          0,
          -0.049615696,
          1.2481949,
          0.42834857,
          1
        ]
      },
      {
        "date" : 733519098.610939,
        "title" : "Untitled",
        "transform" : [
          0.9857718,
          8.5916696e-10,
          0.16808952,
          0,
          0.11204234,
          0.7454483,
          -0.65707946,
          0,
          -0.12530206,
          0.6665635,
          0.7348419,
          0,
          -0.019126028,
          1.3005736,
          0.38603574,
          1
        ]
      },
      {
        "date" : 733519091.743517,
        "title" : "Untitled",
        "transform" : [
          0.9857718,
          8.5916696e-10,
          0.16808952,
          0,
          0.11204234,
          0.7454483,
          -0.65707946,
          0,
          -0.12530206,
          0.6665635,
          0.7348419,
          0,
          -0.15286738,
          1.2028582,
          0.45186675,
          1
        ]
      },
      {
        "date" : 733519060.493378,
        "title" : "Untitled",
        "transform" : [
          0.9857718,
          8.5916696e-10,
          0.16808952,
          0,
          0.11204234,
          0.7454483,
          -0.65707946,
          0,
          -0.12530206,
          0.6665635,
          0.7348419,
          0,
          -0.021821693,
          1.2011008,
          0.47580624,
          1
        ]
      },
      {
        "date" : 733519056.92746,
        "title" : "Untitled",
        "transform" : [
          0.9857718,
          8.5916696e-10,
          0.16808952,
          0,
          0.11204234,
          0.7454483,
          -0.65707946,
          0,
          -0.12530206,
          0.6665635,
          0.7348419,
          0,
          0.07585834,
          1.1921141,
          0.500614,
          1
        ]
      },
      {
        "date" : 733519044.978717,
        "title" : "Untitled",
        "transform" : [
          0.9857717,
          7.477799e-09,
          0.16808952,
          0,
          0.112042345,
          0.7454483,
          -0.6570795,
          0,
          -0.12530205,
          0.6665635,
          0.7348418,
          0,
          0.112608224,
          0.70818025,
          0.89218485,
          1
        ]
      },
      {
        "date" : 733518865.184216,
        "title" : "Untitled",
        "transform" : [
          0.9857717,
          7.477799e-09,
          0.16808952,
          0,
          0.112042345,
          0.7454483,
          -0.6570795,
          0,
          -0.12530205,
          0.6665635,
          0.7348418,
          0,
          0.08642307,
          0.33234307,
          1.2286355,
          1
        ]
      }
    ],
    "D66134B1-3681-4A8E-AFE5-29F257229F3B" : [
      {
        "date" : 733608619.435278,
        "title" : "Untitled",
        "transform" : [
          0.7893339,
          4.066676e-10,
          0.6139642,
          0,
          0.24073754,
          0.9199211,
          -0.30950063,
          0,
          -0.5647986,
          0.39210358,
          0.7261249,
          0,
          -0.36524987,
          0.10840687,
          0.44254842,
          1
        ]
      },
      {
        "date" : 733608614.818787,
        "title" : "Untitled",
        "transform" : [
          1,
          0,
          0,
          0,
          0,
          0.8660253,
          -0.5000001,
          0,
          0,
          0.5000001,
          0.8660253,
          0,
          -0.01659523,
          0.17666978,
          0.5563461,
          1
        ]
      },
      {
        "date" : 733608557.49016,
        "title" : "Untitled",
        "transform" : [
          1,
          0,
          0,
          0,
          0,
          0.8660253,
          -0.5000001,
          0,
          0,
          0.5000001,
          0.8660253,
          0,
          0.039247334,
          0.21535885,
          0.534009,
          1
        ]
      },
      {
        "date" : 733605700.314,
        "title" : "Untitled",
        "transform" : [
          1,
          0,
          -0,
          0,
          -0,
          0.8660253,
          -0.5000001,
          0,
          0,
          0.5000001,
          0.8660253,
          0,
          -0.00064086914,
          0.31622696,
          0.47577286,
          1
        ]
      },
      {
        "date" : 733605685.226014,
        "title" : "Untitled",
        "transform" : [
          1,
          0,
          0,
          0,
          0,
          0.8660253,
          -0.5000001,
          0,
          0,
          0.5000001,
          0.8660253,
          0,
          -3.7332592,
          23.334146,
          52.362667,
          1
        ]
      },
      {
        "date" : 733605681.126821,
        "title" : "Untitled",
        "transform" : [
          1,
          0,
          -0,
          0,
          -0,
          0.8660253,
          -0.5000001,
          0,
          0,
          0.5000001,
          0.8660253,
          0,
          -0.06419754,
          31.62277,
          47.577217,
          1
        ]
      },
      {
        "date" : 733562149.134385,
        "title" : "Untitled",
        "transform" : [
          1,
          0,
          -0,
          0,
          -0,
          0.8660253,
          -0.5000001,
          0,
          0,
          0.5000001,
          0.8660253,
          0,
          0,
          0.24716012,
          0.4282939,
          1
        ]
      }
    ]
  },
  "selectedSceneRelativePath" : "Scene.usda"
}