{
  "advancedEditorSelectedIdentifier" : "ProjectBrowser",
  "openSceneRelativePaths" : [
    "Immersive.usda"
  ],
  "recentIdentifiers" : {

  },
  "sceneCameraHistory" : {
    "AF09ED6F-1707-48FD-8720-65B998362C09" : [
      {
        "date" : 738988911.638304,
        "title" : "Untitled",
        "transform" : [
          0.97070324,
          2.052389e-09,
          0.24028157,
          0,
          0.21314353,
          0.46165916,
          -0.86106944,
          0,
          -0.110928215,
          0.8870573,
          0.44813412,
          0,
          -0.00053952634,
          0.07243956,
          0.031957895,
          1
        ]
      },
      {
        "date" : 738988903.465848,
        "title" : "Untitled",
        "transform" : [
          0.97070324,
          2.052389e-09,
          0.24028157,
          0,
          0.21314353,
          0.46165916,
          -0.86106944,
          0,
          -0.110928215,
          0.8870573,
          0.44813412,
          0,
          0.0027266894,
          0.067361355,
          0.04281845,
          1
        ]
      },
      {
        "date" : 738988444.651837,
        "title" : "Untitled",
        "transform" : [
          0.97070324,
          2.052389e-09,
          0.24028157,
          0,
          0.21314353,
          0.46165916,
          -0.86106944,
          0,
          -0.110928215,
          0.8870573,
          0.44813412,
          0,
          0.0026308633,
          0.06499402,
          0.04131365,
          1
        ]
      },
      {
        "date" : 738980712.197273,
        "title" : "Untitled",
        "transform" : [
          0.9963196,
          -1.1369039e-09,
          -0.085715085,
          0,
          -0.059911683,
          0.7151577,
          -0.6963907,
          0,
          0.06129981,
          0.69896305,
          0.7125257,
          0,
          0.017385967,
          0.04945271,
          0.056481145,
          1
        ]
      },
      {
        "date" : 738980698.558959,
        "title" : "Untitled",
        "transform" : [
          0.99999994,
          0,
          0,
          0,
          0,
          0.8660254,
          -0.49999988,
          0,
          0,
          0.49999988,
          0.8660254,
          0,
          0.011639367,
          0.031335652,
          0.06361592,
          1
        ]
      },
      {
        "date" : 738980691.766976,
        "title" : "Untitled",
        "transform" : [
          0.99999994,
          0,
          0,
          0,
          0,
          0.8660254,
          -0.49999988,
          0,
          0,
          0.49999988,
          0.8660254,
          0,
          0.011639367,
          0.016335614,
          0.03763519,
          1
        ]
      },
      {
        "date" : 738980689.692282,
        "title" : "Untitled",
        "transform" : [
          0.99999994,
          0,
          0,
          0,
          0,
          0.8660254,
          -0.49999988,
          0,
          0,
          0.49999988,
          0.8660254,
          0,
          0.014597042,
          0.015655596,
          0.038027797,
          1
        ]
      },
      {
        "date" : 738980675.842221,
        "title" : "Untitled",
        "transform" : [
          0.99999994,
          0,
          0,
          0,
          0,
          0.8660254,
          -0.49999988,
          0,
          0,
          0.49999988,
          0.8660254,
          0,
          0,
          0.20047598,
          0.34723464,
          1
        ]
      },
      {
        "date" : 738980673.710128,
        "title" : "Untitled",
        "transform" : [
          0.99999994,
          0,
          -0,
          0,
          -0,
          0.8660254,
          -0.49999988,
          0,
          0,
          0.49999988,
          0.8660254,
          0,
          0,
          0.20047598,
          0.34723464,
          1
        ]
      }
    ]
  }
}